196716.39
91897.12
84591.2
65632.33
48296.39
49595.88
48683.85
50361.7
56263.33
50893.21
47259.78
51479.01
48926.44
53532.83
51279.29
52638.26
47477.06
47422.41
51244.43
55825.64
49255.41
52192.36
54082.59
50235.03
49884.61
49436.63
67872.41
76802.88
73424.06
82298.76
51708.16
56841.88
58580.48
55995.54
60594.55
58267.04
53671.51
55503.29
57108.66
49359.08
73815.83
56537.69
58477.47
53964.17
56183.27
53758.13
57996.61
55954.08
53219.65
54940.15
57578.16
50673.02
54129.68
55202.48
51507.91
55827.77
57337.01
54554.12
61645.61
51154.26
54676.53
124671.17
61097.7
57230.28
56011.44
49823.9
53275.44
53221.06
55943.2
48250.06
49400.8
52268.85
49496.62
52797.39
59463.22
47657.14
53741.81
66813.05
53107.23
53669.76
49628.61
53964.59
55710.22
48033.68
51068.91
52596.7
52541.09
57111.16
54646.28
51029.52
50769.6
50019.04
53541.71
52016.75
54057.4
55693.71
49936.4
53243.38
49770.57
51745.39
56076.05
48709.35
54404.76
51109.51
53658.89
56688.99
52534.28
51978.98
53513.73
55276.77
58135.37
53020.59
52542.88
51195.14
53091.16
55555.13
54849.65
51405.41
52655.02
48920.6
56702.0
54982.94
68812.6
49865.75
65842.22
54342.45
53973.69
79148.84
52019.2
53448.51
58068.03
53898.35
60241.47
51169.93
47511.83
58216.73
48511.25
49093.27
58259.33
51405.76
49989.81
54721.25
52414.2
56272.66
52606.81
57187.04
53288.73
49375.87
52111.78
53792.65
52606.57
48342.91
51907.26
48079.57
49499.7
48684.12
51296.07
62181.86
50688.14
47812.12
49456.88
54263.96
50963.0
52005.12
47304.09
60386.71
49246.53
47846.07
51643.7
53492.09
49205.51
47947.14
51996.17
57803.34
51545.82
47762.53
48784.5
53440.2
50661.86
47344.39
52740.98
53832.27
46674.54
46634.88
49640.53
48536.81
53065.82
48874.51
51917.93
54675.31
49680.06
49200.26
49248.85
53076.02
51023.94
47551.5
54752.93
68490.17
46586.38
46885.1
