214432.95
108020.33
77309.89
74945.66
54999.53
53491.23
45534.84
44720.99
50330.95
46202.74
50805.98
46688.14
43956.56
53168.04
48448.99
60947.43
48371.36
45437.88
48743.95
49129.79
44377.25
50151.46
48028.8
46092.54
48774.28
46297.29
55310.94
90753.37
66896.33
84381.69
59557.03
53391.69
52925.83
64964.45
49206.34
54037.31
52435.26
55708.79
55486.57
50710.4
47143.31
53457.37
54584.51
47910.11
51406.6
54373.09
60558.98
52532.57
52513.52
56578.39
52249.76
51949.65
63108.2
55305.2
55539.76
50757.31
52769.93
50661.56
61866.94
68308.5
81046.72
50345.66
57240.42
52723.68
49433.49
57134.31
50735.25
51799.45
47015.06
47956.24
52351.93
44202.72
49817.67
52838.23
44107.55
45825.79
46576.93
50393.51
47846.53
50922.99
55826.35
51270.76
52089.16
48371.48
65152.97
50336.09
52068.83
48512.17
47729.09
54287.93
68064.67
63045.97
49631.63
49141.85
49231.64
51526.94
63675.46
49234.04
49885.03
50267.95
50460.55
50034.51
59072.19
90467.49
49011.05
56173.5
53457.63
51128.56
51058.85
61194.06
49044.35
51568.43
51161.28
51645.2
49268.18
55602.18
48123.33
57011.78
50896.11
54844.73
51142.76
50468.51
71851.87
50446.71
51594.12
47128.47
52640.79
83842.83
56023.77
47659.1
47368.99
46591.11
46805.82
53057.68
55854.37
49819.32
66892.34
49260.44
49656.45
47293.9
58235.93
47199.08
51418.16
51794.16
44088.78
46205.64
48012.58
48478.43
60754.56
47378.68
44484.35
51376.35
47297.89
47946.74
46967.04
51702.6
56424.49
45064.47
47172.29
49805.86
46539.99
45719.35
45005.01
47251.42
46439.75
44067.02
58088.62
55651.7
48002.19
44813.75
48107.17
51099.54
58336.11
47873.31
48178.76
51394.47
44226.08
44593.48
52904.14
51154.02
60818.34
45784.63
44984.63
46723.17
44712.25
48455.47
48623.0
50819.0
60138.91
46382.36
44124.35
52195.73
45507.9
44235.68
45986.7
47843.19
51094.2
49458.58
44932.03
50150.5
