245805.2
148072.01
201830.9
169388.3
158764.67
173193.11
146382.3
160526.79
142113.37
131847.65
139448.06
132572.86
127813.26
132546.25
136156.3
146542.71
137812.59
151181.92
129480.19
135654.18
138946.44
131997.49
136515.31
136761.16
131541.07
150293.9
133051.55
137450.1
181440.59
139331.75
152468.66
143018.33
138524.07
143956.75
135516.25
142233.49
136428.66
138795.25
145575.71
137643.65
142817.16
139051.1
128613.94
141456.33
141975.6
238449.33
157641.82
142323.82
148221.87
168004.68
151544.09
138243.97
136767.55
143164.57
152014.5
142685.03
222948.29
130399.16
137011.72
135972.66
157494.67
135149.87
133877.42
141027.14
153441.65
141947.13
135949.86
139145.25
134825.55
148969.33
131837.52
136097.78
147238.36
142313.77
137164.19
137243.39
140491.06
135558.95
136262.2
154735.91
148057.64
145447.47
135208.86
142579.65
127887.73
136660.38
134659.8
139632.5
135858.41
138013.55
134067.8
137229.92
131829.9
136567.95
137760.11
151173.66
147391.06
138812.2
134736.19
142182.1
130036.34
137154.27
133674.45
128242.97
152363.03
133691.1
131809.69
138056.01
149565.62
135195.37
132827.89
144625.18
135199.61
140553.47
145333.39
158403.77
149963.26
132335.36
134963.07
140240.22
128268.24
136201.93
137068.54
138470.19
139659.83
145574.86
135115.91
158149.22
134416.85
134481.3
129198.99
138030.67
134964.1
145005.03
140225.95
138243.86
135512.66
136433.86
146625.67
132475.37
138940.7
133888.93
142042.02
138329.14
134213.08
138156.65
134521.73
140490.35
139047.48
132767.2
150848.72
148253.3
131622.45
136925.92
133296.42
132268.4
142457.15
138078.07
133393.21
155653.65
150048.97
136443.27
139698.68
159395.36
135947.38
137799.53
138883.17
139847.93
145441.13
132373.26
129210.55
135225.73
144568.02
133580.35
131690.57
141347.64
140056.72
139490.24
138464.57
154760.02
150851.05
158008.26
130534.5
152476.86
127566.73
133407.41
148080.7
134481.86
138245.14
142800.31
135399.01
153470.15
139098.65
144339.08
132977.0
134769.22
148850.06
130162.29
141966.76
135564.12
