326836.2
175521.9
143683.17
152476.04
193492.33
216402.85
143477.84
146425.54
140553.6
139814.6
162574.48
132862.81
135042.32
132982.51
128589.54
132026.59
136991.33
141000.59
129494.9
137486.75
134972.78
140847.08
147657.05
136298.88
139342.1
132737.53
157313.96
134245.4
176287.5
142820.9
138740.82
144105.45
134596.81
134559.77
134937.61
146116.69
134255.12
140269.43
146493.53
137352.85
145185.32
136718.78
147526.42
152003.37
151743.83
140031.75
159157.57
172240.99
155011.86
135245.45
148856.98
180510.4
133371.06
161956.36
148740.7
151743.98
139463.64
129510.62
151425.3
136379.77
141234.59
147692.77
130133.69
151827.62
136393.29
134280.29
138990.87
145214.01
139362.24
132640.42
128240.52
138325.74
152432.7
141729.55
139004.48
135831.56
141329.81
131774.39
143538.63
142200.72
137725.15
132918.69
151642.16
136204.8
154726.03
165906.21
135344.26
136928.1
153397.73
154085.72
147418.17
127746.59
137080.68
136375.65
132525.19
136495.1
139164.1
126737.2
135549.65
134753.51
143627.1
143616.49
136582.23
135371.22
153140.82
136448.01
153138.32
136485.91
140506.74
133094.75
137191.72
138771.67
150687.95
139939.91
140099.56
133998.17
138062.53
143940.57
135554.36
134825.91
136068.21
149833.61
141784.43
134819.54
156231.33
143111.67
135464.99
166935.92
136909.64
136035.54
141913.1
140688.98
138113.66
140500.34
135241.78
141571.49
136564.34
137145.98
135757.72
139437.42
145867.96
150030.42
136157.71
149994.53
133870.95
142246.92
142150.57
142470.3
139803.71
157094.74
136268.24
132482.82
134123.63
148099.97
158081.04
137020.67
152234.89
147863.89
142085.89
141643.7
129092.7
135177.51
154457.3
141245.81
146288.9
148498.47
146802.95
133263.04
133652.46
136731.82
145047.18
156477.2
148048.29
129832.12
136800.12
144780.38
133760.69
143645.71
158055.42
141514.16
137125.5
135827.7
141210.22
129721.74
131482.09
129134.14
144777.53
150348.53
133914.34
143816.97
152331.26
132610.86
136100.76
136503.94
139463.29
135818.15
138476.52
139513.75
148821.83
141878.77
